15--Nov-22	NOAA/GML flask data--from the M2 instrument only--supplied by S. Montzka Principal Investigator (Stephen.A.Montzka@noaa.gov) for collaborative use (see the read.me file for more information)					
site	dec_date	yyyymmdd hhss	Wind Dir.	Wind Spd	CFC115	CFC115_sd
brw	2010.010803	20100104 2238	302	3	8.15	0.02
brw	2010.04648	20100117 2310	-99	10.7	8.06	0.19
brw	2010.059827	20100122 2005	141	3	8.11	0.05
brw	2010.117304	20100212 1935	80	10	8.08	0.08
brw	2010.155681	20100226 1946	90	5	8.11	0.23
brw	2010.174971	20100305 2045	114	6	8.20	0.14
brw	2010.21301	20100319 1758	103	7	8.06	0.03
brw	2010.23242	20100326 2000	7	9	8.02	0.03
brw	2010.251484	20100402 1900	80	10	8.06	0.02
brw	2010.28973	20100416 1802	146	3	8.16	0.13
brw	2010.347412	20100507 1920	102	3	8.09	0.01
brw	2010.385871	20100521 2014	65	5	7.97	0.17
brw	2010.421811	20100603 2304	81	12	8.13	0.07
brw	2010.46243	20100618 1853	112	8	8.11	0.02
brw	2010.500685	20100702 1800	81	5	7.94	0.06
brw	2010.539309	20100716 2021	207	6	8.08	0.08
brw	2010.596726	20100806 1919	84	4	8.14	0.04
brw	2010.635097	20100820 1927	68	3	8.15	0.06
brw	2010.673425	20100903 1912	124	10	8.13	0.00
brw	2010.769203	20101008 1813	238	1	8.12	0.07
brw	2010.846233	20101105 2100	55	10	8.11	0.04
brw	2010.884513	20101119 2020	130	8	8.18	0.01
brw	2010.942264	20101210 2214	10	5	8.13	0.17
brw	2010.974914	20101222 2015	307	6	8.16	0.02
brw	2011.018864	20110107 2115	323	4	8.17	0.04
brw	2011.057215	20110121 2112	211	2	8.06	0.01
brw	2011.095375	20110204 1929	221	2	8.11	0.19
brw	2011.141924	20110221 1915	312	2	8.16	0.02
brw	2011.188619	20110310 2018	245	4	8.10	0.01
brw	2011.265308	20110407 2006	68	4	8.10	0.01
brw	2011.317142	20110426 1810	99	2	8.10	0.12
brw	2011.355729	20110510 2011	111	2	8.07	0.09
brw	2011.396583	20110525 1804	60	5	8.10	0.12
brw	2011.429572	20110606 1903	102	6	8.05	0.03
brw	2011.468044	20110620 2004	115	6	8.08	0.08
brw	2011.514397	20110707 1807	97	6	8.00	0.11
brw	2011.559492	20110724 0509	75	6	8.05	0.12
brw	2011.583038	20110801 1925	119	4	8.01	0.08
brw	2011.643683	20110823 2240	80	7	8.09	0.07
brw	2011.700689	20110913 1802	93	4	8.06	0.01
brw	2011.73687	20110926 2259	63	10	8.15	0.05
brw	2011.782991	20111013 1900	126	13.2	8.04	0.09
brw	2011.818737	20111026 2008	85	11	8.18	0.01
brw	2011.852125	20111108 0037	78	2.9	8.07	0.00
brw	2011.893181	20111123 0016	230	1.6	8.09	0.04
brw	2011.958295	20111216 1840	76	2.6	8.11	0.04
brw	2011.989014	20111227 2346	73	8.1	8.05	0.02
brw	2012.029476	20120111 1855	47	4.2	8.16	0.06
brw	2012.065158	20120124 2021	44	2.3	8.10	0.13
brw	2012.108876	20120209 2022	58	4	8.02	0.16
brw	2012.196274	20120312 2004	53	2.1	8.10	0.04
brw	2012.234422	20120326 1910	55	3.9	8.19	0.04
brw	2012.272689	20120409 1918	105	9.4	8.17	0.18
brw	2012.310916	20120423 1905	94	5.3	7.99	0.04
brw	2012.352262	20120508 2216	54	2	8.13	0.11
brw	2012.38743	20120521 1911	123	3.4	8.14	0.10
brw	2012.444795	20120611 1905	74	9.2	8.11	0.06
brw	2012.488906	20120627 2233	74	3	8.10	0.01
brw	2012.520427	20120709 1126	94	6.6	8.13	0.01
brw	2012.565052	20120725 1925	76	2.8	8.15	0.01
brw	2012.608724	20120810 1902	300	2.4	8.04	0.05
brw	2012.644399	20120823 2024	122	3.9	8.11	0.03
brw	2012.693852	20120910 2248	111	2.4	8.12	0.05
brw	2012.742606	20120928 1903	51	4.1	8.19	0.03
brw	2012.758903	20121004 1812	54	4.5	8.09	0.18
brw	2012.8	20121019 1912	261	1.3	8.20	0.02
brw	2012.838912	20121103 0100	1	7	8.22	0.08
brw	2012.892993	20121122 2003	156	4.3	8.08	0.13
brw	2012.942528	20121210 2310	95	1.2	8.18	0.01
brw	2012.985781	20121226 1906	71	6.8	8.17	0.09
brw	2013.018733	20130107 2006	60	6.4	8.23	0.01
brw	2013.060251	20130122 2348	77	13.2	8.19	0.01
brw	2013.106518	20130208 2106	92	3	8.19	0.02
brw	2013.172734	20130305 0109	122	10.6	8.09	0.07
brw	2013.230051	20130325 2315	46	7.7	8.05	0.09
brw	2013.279228	20130412 2202	212	1.1	8.11	0.21
brw	2013.317144	20130426 1811	67	4.5	8.09	0.05
brw	2013.353227	20130509 2216	242	11.3	8.21	0.01
brw	2013.383023	20130520 1917	114	4	8.15	0.05
brw	2013.449201	20130613 2300	114	3.9	8.15	0.07
brw	2013.479477	20130625 0013	62	7.4	8.18	0.03
brw	2013.517142	20130708 1810	58	6.8	8.20	0.02
brw	2013.53964	20130716 2315	123	4.5	8.00	0.10
brw	2013.596636	20130806 1832	81	9	8.20	0.01
brw	2013.632559	20130819 2113	70	7.8	8.17	0.03
brw	2013.690314	20130909 2309	117	7.7	8.17	0.03
brw	2013.739072	20130927 1816	99	3.5	8.11	0.10
brw	2013.766465	20131007 1814	63	6.5	8.11	0.02
brw	2013.813807	20131025 0057	54	7.2	8.14	0.09
brw	2013.851494	20131107 1905	119	13.2	8.11	0.02
brw	2013.892593	20131122 1907	67	10.9	8.01	0.13
brw	2013.944633	20131211 1859	109	3.3	7.99	0.09
brw	2013.988619	20131227 2018	99	3.3	8.22	0.08
brw	2014.015997	20140106 2008	80	12.3	8.21	0.10
brw	2014.05437	20140120 2017	85	5.5	8.18	0.05
brw	2014.117709	20140212 2308	57	2.8	8.14	0.10
brw	2014.152911	20140225 1930	51	1.4	8.16	0.05
brw	2014.191115	20140311 1810	52	5.3	8.14	0.07
brw	2014.23016	20140326 0012	119	6.4	7.96	0.21
brw	2014.276162	20140411 1911	202	1.4	8.23	0.16
brw	2014.322608	20140428 1803	101	10	8.10	0.18
brw	2014.352753	20140509 1807	148	8.2	8.13	0.04
brw	2014.39157	20140523 2209	344	2.6	8.07	0.04
brw	2014.437808	20140609 1912	80	5.5	8.12	0.07
brw	2014.481971	20140625 2204	76	3.6	8.14	0.01
brw	2014.514401	20140707 1809	46	5.4	8.18	0.18
brw	2014.558227	20140723 1804	102	7.3	8.18	0.14
brw	2014.591111	20140804 1808	96	4.6	8.23	0.08
brw	2014.648632	20140825 1801	90	7.6	8.13	0.06
brw	2014.678769	20140905 1801	155	0.1	8.09	0.11
brw	2014.736301	20140926 1800	135	5	8.26	0.00
brw	2014.774661	20141010 1802	24	6.2	8.24	0.12
brw	2014.802055	20141020 1800	70	15.9	8.08	0.07
brw	2014.840529	20141103 1902	100	4.7	8.22	0.07
brw	2014.898288	20141124 2100	51	7.3	8.21	0.24
brw	2014.936535	20141208 2003	69	7.1	8.08	0.06
brw	2014.9805	20141224 2111	65	2.4	8.25	0.13
brw	2015.016324	20150106 2300	102	6.9	8.29	0.00
brw	2015.081636	20150130 1908	247	15.9	8.28	0.09
brw	2015.114498	20150211 1900	64	3.3	8.19	0.06
brw	2015.147374	20150223 1900	103	12.7	8.12	0.11
brw	2015.166572	20150302 1910	114	12.6	8.25	0.02
brw	2015.227171	20150324 2201	107	2.9	8.17	0.11
brw	2015.284247	20150414 1800	105	3.2	8.20	0.04
brw	2015.328088	20150430 1803	71	4.3	8.30	0.12
brw	2015.364041	20150513 2100	58	6.8	8.38	0.06
brw	2015.377968	20150518 2300	82	4	8.18	0.04
brw	2015.402639	20150527 2307	62	3.5	8.20	0.26
brw	2015.44602	20150612 1908	102	4.5	8.31	0.05
brw	2015.484245	20150626 1759	293	1.5	8.13	0.00
brw	2015.530822	20150713 1800	68	5.3	8.24	0.03
brw	2015.575114	20150729 2200	93	3.4	8.01	0.07
cgo	2010.011035	20100105 0040	283	1.9	8.07	0.11
cgo	2010.033185	20100113 0242	259	2.1	8.03	0.06
cgo	2010.115419	20100212 0304	182	3.7	8.07	0.07
cgo	2010.18378	20100309 0155	262	5.5	8.04	0.05
cgo	2010.279821	20100413 0314	234	3.1	8.00	0.09
cgo	2010.340027	20100505 0238	246	3.1	7.98	0.15
cgo	2010.41964	20100603 0403	-99	-99	8.04	0.10
cgo	2010.457841	20100617 0241	-99	-99	8.06	0.12
cgo	2010.5316	20100714 0049	-99	-99	7.99	0.17
cgo	2010.553653	20100722 0200	-99	-99	8.13	0.02
cgo	2010.586494	20100803 0141	-99	-99	8.24	0.00
cgo	2010.643957	20100824 0104	-99	-99	8.12	0.05
cgo	2010.690858	20100910 0355	-99	-99	7.99	0.05
cgo	2010.728944	20100924 0133	-99	-99	8.05	0.06
cgo	2010.794755	20101018 0203	-99	-99	8.13	0.14
cgo	2010.835908	20101102 0233	-99	-99	7.90	0.11
cgo	2010.879656	20101118 0147	-99	-99	8.02	0.07
cgo	2010.939888	20101210 0125	-99	-99	8.04	0.03
cgo	2010.970011	20101221 0118	-99	-99	8.01	0.03
cgo	2011.04664	20110118 0034	-99	-99	8.11	0.04
cgo	2011.063071	20110124 0030	-99	-99	8.06	0.10
cgo	2011.090632	20110203 0156	220	10	7.98	0.09
cgo	2011.139871	20110221 0116	-99	-99	8.07	0.11
cgo	2011.298815	20110420 0137	-99	-99	8.12	0.10
cgo	2011.33739	20110504 0332	-99	-99	8.12	0.19
cgo	2011.397462	20110526 0146	-99	-99	7.99	0.02
cgo	2011.433124	20110608 0210	227	21.9	8.07	0.03
cgo	2011.468881	20110621 0324	0	2.7	8.08	0.02
cgo	2011.512612	20110707 0229	-99	-99	8.02	0.09
cgo	2011.529195	20110713 0345	225	20	7.97	0.02
cgo	2011.649502	20110826 0138	6	2.7	8.03	0.00
cgo	2011.682477	20110907 0230	360	2.7	8.04	0.04
cgo	2011.726252	20110923 0158	359	2.7	8.10	0.07
cgo	2011.802814	20111021 0039	212	12.7	8.10	0.07
cgo	2011.830289	20111031 0120	149	1.5	8.07	0.07
cgo	2011.87438	20111116 0334	176	1.8	8.00	0.01
cgo	2011.912588	20111130 0216	-99	-99	8.07	0.03
cgo	2011.945295	20111212 0047	-99	-99	8.12	0.12
cgo	2012.008286	20120104 0047	-99	-99	8.10	0.06
cgo	2012.024829	20120110 0206	-99	-99	8.01	0.01
cgo	2012.10126	20120207 0128	224	2.3	8.06	0.10
cgo	2012.175013	20120305 0119	-99	-99	8.08	0.00
cgo	2012.221513	20120322 0146	284	3.3	8.14	0.09
cgo	2012.319928	20120427 0215	-99	-99	8.11	0.13
cgo	2012.358043	20120511 0103	-99	-99	8.11	0.05
cgo	2012.40458	20120528 0150	-99	-99	8.08	0.01
cgo	2012.431844	20120607 0119	213	3.3	8.16	0.11
cgo	2012.484094	20120626 0417	219	2.1	8.22	0.09
cgo	2012.506028	20120704 0457	189	1.7	8.12	0.05
cgo	2012.544021	20120718 0241	260	3.5	8.05	0.02
cgo	2012.595843	20120806 0153	229	4.2	8.12	0.07
cgo	2012.645131	20120824 0250	311	5.6	8.06	0.06
cgo	2012.683584	20120907 0436	-99	-99	8.08	0.06
cgo	2012.740697	20120928 0217	291	3.5	7.94	0.04
cgo	2012.888312	20121121 0256	256	3.5	8.17	0.02
cgo	2012.989088	20121228 0009	218	2.9	8.12	0.02
cgo	2013.022055	20130109 0112	231	4.2	8.11	0.07
cgo	2013.057593	20130122 0031	284	2.4	8.16	0.01
cgo	2013.101731	20130207 0310	300	2.1	8.19	0.04
cgo	2013.134387	20130219 0114	190	4.4	8.09	0.00
cgo	2013.197329	20130314 0036	258	3.1	8.08	0.11
cgo	2013.249772	20130402 0400	217	3.6	8.10	0.23
cgo	2013.329125	20130501 0308	216	3.3	8.13	0.02
cgo	2013.611176	20130812 0154	224	2.5	8.14	0.03
cgo	2013.649534	20130826 0155	267	2.8	8.19	0.01
cgo	2013.679656	20130906 0147	286	2.9	8.12	0.12
cgo	2013.735044	20130926 0659	233	5.2	8.24	0.06
cgo	2013.772643	20131010 0021	246	2.9	8.21	0.01
cgo	2013.811033	20131024 0039	225	4.7	8.07	0.06
cgo	2013.868693	20131114 0145	199	4.5	8.24	0.08
cgo	2013.909798	20131129 0150	194	4.4	8.08	0.10
cgo	2013.939874	20131210 0118	274	5	8.17	0.21
cgo	2013.975476	20131223 0110	214	3.6	8.14	0.02
cgo	2014.002755	20140102 0008	245	4	8.00	0.02
cgo	2014.055207	20140121 0337	248	3.3	8.13	0.01
cgo	2014.128883	20140217 0101	197	1.7	7.93	0.14
cgo	2014.148139	20140224 0142	214	2.1	8.17	0.03
cgo	2014.172861	20140305 0216	193	4.2	7.89	0.18
cgo	2014.205634	20140317 0121	264	3	8.11	0.07
cgo	2014.249553	20140402 0205	229	2.3	8.05	0.16
cgo	2014.304349	20140422 0206	255	2.8	8.12	0.08
cgo	2014.339574	20140504 2240	-99	1.3	8.16	0.14
cgo	2014.422521	20140604 0517	227	2.7	8.12	0.19
cgo	2014.493721	20140630 0500	206	3.5	8.23	0.04
cgo	2014.531731	20140714 0158	247	0.5	8.12	0.07
cgo	2014.580965	20140801 0115	200	5	8.01	0.03
cgo	2014.611187	20140812 0200	186	2.7	8.09	0.06
cgo	2014.671482	20140903 0211	221	1.5	8.28	0.04
cgo	2014.731733	20140925 0159	225	2.6	8.25	0.02
cgo	2014.764528	20141007 0116	249	3.6	8.06	0.16
cgo	2014.819271	20141027 0049	260	14.3	8.06	0.01
cgo	2014.857643	20141110 0057	233	3.9	8.07	0.03
cgo	2014.898693	20141125 0033	259	13.6	8.39	0.34
cgo	2014.964473	20141219 0047	239	7.8	8.18	0.00
cgo	2014.994608	20141230 0046	239	17.6	8.10	0.05
cgo	2015.02218	20150109 0218	202	11.9	8.03	0.27
cgo	2015.126233	20150216 0148	252	9.7	8.27	0.18
cgo	2015.145483	20150223 0226	195	14.3	8.05	0.11
cgo	2015.16727	20150303 0117	224	6	8.17	0.05
cgo	2015.233242	20150327 0312	206	15.7	8.12	0.11
cgo	2015.287677	20150416 0003	229	10.3	8.08	0.02
cgo	2015.31813	20150427 0249	200	10.5	8.10	0.02
cgo	2015.36191	20150513 0220	236	15.7	8.16	0.05
cgo	2015.436022	20150609 0333	249	15	8.23	0.04
cgo	2015.477357	20150624 0539	258	12.8	8.17	0.14
cgo	2015.499022	20150702 0326	205	15.5	8.17	0.01
cgo	2015.567344	20150727 0156	249	15.6	8.12	0.11
cgo	2015.58653	20150803 0200	200	15.9	8.06	0.04
kum	2010.010474	20100104 1945	220	4.7	8.07	0.06
kum	2010.05157	20100119 1945	350	1.1	8.10	0.02
kum	2010.106383	20100208 1955	50	3.6	8.14	0.01
kum	2010.14477	20100222 2011	20	1.9	8.14	0.03
kum	2010.183088	20100308 1951	30	5.8	8.10	0.00
kum	2010.221566	20100322 2055	80	5.6	8.03	0.07
kum	2010.259808	20100405 1955	340	4.2	8.05	0.11
kum	2010.279001	20100412 2003	20	2.3	8.16	0.04
kum	2010.336532	20100503 2001	100	3.2	8.12	0.02
kum	2010.374873	20100517 1953	350	2.8	8.02	0.06
kum	2010.432382	20100607 1940	40	3	7.99	0.01
kum	2010.47082	20100621 2023	45	5.2	8.14	0.00
kum	2010.515029	20100707 2339	20	3.9	8.15	0.14
kum	2010.547454	20100719 1942	0	2.3	8.06	0.05
kum	2010.605025	20100809 2001	60	1.8	8.14	0.01
kum	2010.687209	20100908 1957	30	1.4	8.09	0.05
kum	2010.739233	20100927 1941	60	0.5	8.15	0.00
kum	2010.777588	20101011 1940	50	1.4	8.17	0.14
kum	2010.815961	20101025 1949	40	5.4	8.16	0.01
kum	2010.873501	20101115 1952	80	5.6	8.06	0.03
kum	2010.911855	20101129 1951	90	1.6	8.10	0.04
kum	2010.950221	20101213 1956	170	1	8.09	0.07
kum	2010.988558	20101227 1946	160	2.6	8.13	0.08
kum	2011.026916	20110110 1947	210	5.1	8.16	0.03
kum	2011.065289	20110124 1956	34	1.4	8.05	0.01
kum	2011.10364	20110207 1953	230	1.4	8.10	0.09
kum	2011.142239	20110221 2201	100	4.2	8.16	0.03
kum	2011.180341	20110307 1947	330	3.8	8.07	0.03
kum	2011.237865	20110328 1942	70	3.9	8.13	0.01
kum	2011.276231	20110411 1947	70	5.6	8.10	0.01
kum	2011.320596	20110428 0025	50	4.1	8.07	0.06
kum	2011.352928	20110509 1939	60	5.4	8.07	0.02
kum	2011.391318	20110523 1957	45	5	8.12	0.03
kum	2011.454351	20110615 2007	40	5	8.14	0.01
kum	2011.476242	20110623 1953	350	1.1	8.05	0.15
kum	2011.530997	20110713 1932	300	2.5	8.24	0.07
kum	2011.550238	20110720 2005	315	1.8	8.06	0.03
kum	2011.591339	20110804 2008	80	0.5	8.04	0.07
kum	2011.640704	20110822 2034	330	3	7.98	0.08
kum	2011.698174	20110912 2000	30	1.4	8.09	0.01
kum	2011.736423	20110926 1904	330	2.1	8.15	0.02
kum	2011.780266	20111012 1908	355	1.4	8.07	0.06
kum	2011.813221	20111024 1949	110	2.8	8.10	0.03
kum	2011.851608	20111107 2005	315	2.2	8.08	0.06
kum	2011.889966	20111121 2006	90	3.1	8.09	0.01
kum	2011.928333	20111205 2012	320	1.8	8.01	0.00
kum	2011.966735	20111219 2036	45	3.7	8.10	0.01
kum	2012.029554	20120111 1936	320	1.3	8.07	0.04
kum	2012.062417	20120123 2016	120	1.7	8.05	0.01
kum	2012.106081	20120208 1949	350	4.4	8.10	0.00
kum	2012.144378	20120222 2013	90	1.7	8.06	0.09
kum	2012.177174	20120305 2018	1	5	8.05	0.04
kum	2012.220818	20120321 1940	345	1.2	8.14	0.05
kum	2012.278275	20120411 2022	45	0.5	8.17	0.09
kum	2012.316357	20120425 1853	45	1.9	8.22	0.20
kum	2012.349211	20120507 1928	75	4.8	8.04	0.08
kum	2012.393016	20120523 2015	70	0.6	8.11	0.06
kum	2012.434013	20120607 2022	45	3	8.09	0.15
kum	2012.483242	20120625 2048	350	2.8	8.17	0.18
kum	2012.521374	20120709 1945	45	3.6	8.09	0.04
kum	2012.559688	20120723 2018	75	3.5	8.21	0.03
kum	2012.641669	20120822 2025	30	1.7	8.03	0.05
kum	2012.712697	20120917 2020	310	10	8.13	0.12
kum	2012.731861	20120924 2040	45	3.1	8.04	0.05
kum	2012.770017	20121008 1950	180	3	8.12	0.01
kum	2012.810919	20121023 1907	315	2	8.12	0.03
kum	2012.846511	20121105 1945	315	1.6	8.08	0.03
kum	2012.904034	20121126 2102	350	3	8.10	0.12
kum	2012.942209	20121210 2022	90	4.2	8.20	0.05
kum	2012.985965	20121226 2043	80	4.6	8.18	0.14
kum	2013.043364	20130116 1952	315	1.7	8.10	0.03
kum	2013.076299	20130128 2023	150	2.6	8.11	0.04
kum	2013.120215	20130213 2105	45	2.8	8.10	0.01
kum	2013.139374	20130220 2055	60	4.5	8.15	0.13
kum	2013.172298	20130304 2120	45	4	8.18	0.07
kum	2013.229798	20130325 2102	45	3	8.20	0.05
kum	2013.268181	20130408 2116	110	2.5	8.21	0.04
kum	2013.306455	20130422 2033	150	3.1	8.10	0.09
kum	2013.350301	20130508 2038	100	2.8	8.24	0.04
kum	2013.383215	20130520 2058	360	2.7	8.15	0.12
kum	2013.440736	20130610 2051	45	3.2	8.27	0.00
kum	2013.459903	20130617 2045	30	2.5	8.06	0.12
kum	2013.503718	20130703 2034	45	1.1	8.07	0.06
kum	2013.558653	20130723 2148	-99	4.2	8.12	0.06
kum	2013.59415	20130805 2045	60	3.7	8.17	0.00
kum	2013.632487	20130819 2035	60	1.8	8.01	0.08
kum	2013.690086	20130909 2109	10	3	8.19	0.03
kum	2013.711634	20130917 1755	265	6	8.10	0.03
kum	2013.750403	20131001 2132	90	2.2	8.18	0.02
kum	2013.824344	20131028 2115	300	3.4	8.10	0.01
kum	2013.84352	20131104 2114	45	1.3	8.08	0.02
kum	2013.900995	20131125 2043	60	2.7	8.04	0.00
kum	2013.939414	20131209 2116	90	2.2	8.10	0.10
kum	2013.977772	20131223 2117	45	1.4	8.30	0.03
kum	2014.021613	20140108 2120	345	2.9	8.15	0.02
kum	2014.0545	20140120 2125	30	1.8	8.18	0.02
kum	2014.11195	20140210 2041	150	3.4	8.27	0.11
kum	2014.150318	20140224 2047	10	2	8.24	0.01
kum	2014.194064	20140312 2000	5	3.9	8.07	0.14
kum	2014.229859	20140325 2134	0	28	8.09	0.00
kum	2014.265396	20140407 2052	45	3.7	8.13	0.25
kum	2014.303784	20140421 2109	60	3.4	8.11	0.08
kum	2014.34214	20140505 2109	110	3	8.08	0.15
kum	2014.380502	20140519 2112	110	3.5	8.02	0.16
kum	2014.438037	20140609 2112	90	2.8	8.30	0.09
kum	2014.476334	20140623 2041	5	3.5	8.16	0.14
kum	2014.514745	20140707 2110	75	4.5	8.23	0.34
kum	2014.558489	20140723 2022	45	4	8.23	0.02
kum	2014.591524	20140804 2145	75	4.7	8.18	0.01
kum	2014.649003	20140825 2116	45	3.5	8.24	0.02
kum	2014.687319	20140908 2055	30	1	8.17	0.03
kum	2014.725852	20140922 2228	70	3.5	8.17	0.03
kum	2014.764058	20141006 2109	170	3	8.25	0.00
kum	2014.807979	20141022 2154	90	3.3	8.19	0.20
kum	2014.859903	20141110 2045	5	1.5	8.17	0.07
kum	2014.898419	20141124 2209	10	2	8.14	0.05
kum	2014.936632	20141208 2054	120	1.5	8.18	0.13
kum	2014.975042	20141222 2122	90	2	8.14	0.01
kum	2015.013463	20150105 2156	350	1.8	8.05	0.15
kum	2015.07097	20150126 2142	30	4.5	8.27	0.16
kum	2015.11477	20150211 2123	10	4	8.09	0.02
kum	2015.153111	20150225 2115	80	3.2	8.09	0.08
kum	2015.191473	20150311 2118	5	0.7	8.20	0.01
kum	2015.229867	20150325 2138	60	2.2	8.14	0.04
kum	2015.268196	20150408 2124	45	4	8.22	0.06
kum	2015.303826	20150421 2131	-99	2.9	8.14	0.09
kum	2015.364056	20150513 2108	70	2.7	8.14	0.18
kum	2015.402498	20150527 2153	345	2.4	8.17	0.00
kum	2015.440843	20150610 2147	340	2	8.16	0.00
kum	2015.479167	20150624 2130	350	2.6	8.03	0.10
kum	2015.533761	20150714 1945	50	1.3	8.12	0.13
kum	2015.575086	20150729 2145	5	1.8	8.11	0.18
mlo	2010.013261	20100105 2010	261	7.3	8.07	0.05
mlo	2010.054414	20100120 2040	92	4.2	8.09	0.04
mlo	2010.109277	20100209 2116	51	4.1	8.08	0.00
mlo	2010.147671	20100223 2136	22	2.3	8.17	0.05
mlo	2010.166866	20100302 2145	104	6.1	8.07	0.00
mlo	2010.224277	20100323 2040	316	4	8.01	0.09
mlo	2010.281924	20100413 2139	296	0.8	8.17	0.03
mlo	2010.322898	20100428 2035	146	13.6	8.17	0.12
mlo	2010.339559	20100504 2232	46	3.7	8.07	0.06
mlo	2010.377694	20100518 2036	60	7.5	7.95	0.10
mlo	2010.435344	20100608 2137	120	11.8	7.95	0.11
mlo	2010.473702	20100622 2138	108	10.7	8.07	0.05
mlo	2010.512142	20100706 2222	54	4	8.20	0.04
mlo	2010.550303	20100720 2039	339	2.6	8.08	0.02
mlo	2010.607974	20100810 2151	125	9.9	8.23	0.03
mlo	2010.684618	20100907 2115	357	1.4	8.07	0.03
mlo	2010.723027	20100921 2143	27	4.1	8.07	0.03
mlo	2010.761271	20101005 2044	336	3.8	8.15	0.06
mlo	2010.799644	20101019 2053	11	2.4	8.07	0.10
mlo	2010.87637	20101116 2100	302	7.4	8.00	0.04
mlo	2010.934039	20101207 2211	17	2.1	8.05	0.15
mlo	2010.972437	20101221 2233	353	1.8	8.01	0.08
mlo	2011.030978	20110112 0722	265	4.5	8.17	0.03
mlo	2011.068198	20110125 2125	60	4.1	8.11	0.04
mlo	2011.106469	20110208 2040	76	3.3	8.13	0.05
mlo	2011.144924	20110222 2132	39	3.3	7.99	0.09
mlo	2011.186073	20110309 2200	275	4.1	8.00	0.16
mlo	2011.22157	20110322 2057	119	10.2	8.05	0.03
mlo	2011.259871	20110405 2028	320	1.8	8.06	0.03
mlo	2011.317578	20110426 2159	39	6.8	8.08	0.13
mlo	2011.355949	20110510 2207	56	2.5	8.10	0.09
mlo	2011.394178	20110524 2100	75	6	8.01	0.02
mlo	2011.432542	20110607 2104	155	4.1	8.03	0.07
mlo	2011.470984	20110621 2149	350	4.2	8.16	0.04
mlo	2011.509191	20110705 2031	54	4.2	8.29	0.01
mlo	2011.566815	20110726 2118	154	9.4	7.99	0.06
mlo	2011.605046	20110809 2012	298	3.2	8.04	0.08
mlo	2011.643451	20110823 2038	4	3	8.09	0.03
mlo	2011.701161	20110913 2210	250	7.3	8.06	0.04
mlo	2011.739306	20110927 2019	21	2.7	8.04	0.05
mlo	2011.777658	20111011 2017	38	4.8	8.02	0.04
mlo	2011.816096	20111025 2100	26	2.6	8.09	0.01
mlo	2011.854576	20111108 2205	56	4.7	8.11	0.01
mlo	2011.892831	20111122 2112	357	2.2	7.99	0.01
mlo	2011.931104	20111206 2028	51	4.1	8.11	0.02
mlo	2011.969517	20111220 2058	101	7.1	8.17	0.09
mlo	2012.026914	20120110 2025	92	5.1	8.11	0.05
mlo	2012.065215	20120124 2051	179	3.2	8.12	0.05
mlo	2012.122716	20120214 2156	126	8.3	8.10	0.04
mlo	2012.160785	20120228 2020	42	2.4	8.09	0.03
mlo	2012.180062	20120306 2140	267	5.4	8.07	0.09
mlo	2012.218308	20120320 2137	60	6.1	8.15	0.04
mlo	2012.278271	20120411 2020	11	2.4	8.02	0.02
mlo	2012.313849	20120424 2051	56	4.6	7.98	0.05
mlo	2012.352195	20120508 2141	356	5.6	8.13	0.00
mlo	2012.390321	20120522 2035	115	11.9	8.10	0.03
mlo	2012.447727	20120612 2050	355	5.6	8.09	0.06
mlo	2012.486098	20120626 2153	91	5.8	8.16	0.01
mlo	2012.524131	20120710 1958	10	3.3	8.02	0.03
mlo	2012.562415	20120724 2015	332	4.5	8.15	0.07
mlo	2012.600761	20120807 2105	126	9.1	8.09	0.01
mlo	2012.644503	20120823 2119	349	3.5	8.17	0.02
mlo	2012.696342	20120911 2040	59	4.4	8.19	0.06
mlo	2012.734631	20120925 2100	31	3.4	8.07	0.12
mlo	2012.772864	20121009 2050	350	4.5	8.10	0.07
mlo	2012.811043	20121023 2012	11	2.5	8.18	0.09
mlo	2012.849362	20121106 2048	47	2.6	8.20	0.03
mlo	2012.906815	20121127 2128	336	2.5	8.10	0.02
mlo	2012.945128	20121211 2200	318	1.8	8.11	0.02
mlo	2012.988711	20121227 2050	335	5.4	8.09	0.06
mlo	2013.021579	20130108 2102	139	6.2	8.11	0.08
mlo	2013.065468	20130124 2130	346	2.7	8.19	0.00
mlo	2013.098377	20130205 2147	71	4.3	8.17	0.08
mlo	2013.117388	20130212 2019	89	5.5	8.17	0.02
mlo	2013.155799	20130226 2048	110	6.7	8.09	0.07
mlo	2013.194235	20130312 2130	247	7.4	8.08	0.03
mlo	2013.232496	20130326 2040	17	2.7	8.14	0.00
mlo	2013.270744	20130409 1943	22	2.3	8.09	0.01
mlo	2013.311918	20130424 2024	260	9.7	8.21	0.08
mlo	2013.347645	20130507 2122	353	2	8.06	0.11
mlo	2013.385875	20130521 2016	336	4.4	8.07	0.08
mlo	2013.424271	20130604 2037	115	11.6	8.10	0.00
mlo	2013.481718	20130625 1951	357	3.8	8.18	0.04
mlo	2013.520148	20130709 2030	161	14.8	8.06	0.04
mlo	2013.558607	20130723 2124	350	2.9	8.15	0.00
mlo	2013.596846	20130806 2022	318	5	8.01	0.02
mlo	2013.635127	20130820 1943	23	2.3	8.09	0.05
mlo	2013.692751	20130910 2030	101	7.2	8.18	0.12
mlo	2013.731159	20130924 2057	102	7.5	8.19	0.09
mlo	2013.755947	20131003 2206	50	4.4	8.23	0.01
mlo	2013.813345	20131024 2054	8	3.4	8.24	0.02
mlo	2013.846199	20131105 2042	354	2.2	8.04	0.03
mlo	2013.903838	20131126 2137	122	7.9	8.11	0.17
mlo	2013.942072	20131210 2033	113	7.1	8.22	0.02
mlo	2013.985921	20131226 2040	69	7.4	8.08	0.11
mlo	2014.018864	20140107 2115	2	1.7	8.16	0.01
mlo	2014.057135	20140121 2030	355	1.5	8.33	0.03
mlo	2014.0955	20140204 2035	342	3.6	8.35	0.08
mlo	2014.153054	20140225 2045	302	5.9	8.06	0.16
mlo	2014.19132	20140311 1958	12	2.8	8.18	0.12
mlo	2014.229737	20140325 2030	103	4.7	8.11	0.17
mlo	2014.268204	20140408 2128	16	2.1	8.40	0.34
mlo	2014.306457	20140422 2034	344	3.5	8.17	0.10
mlo	2014.344869	20140506 2103	356	4.2	8.18	0.01
mlo	2014.383427	20140520 2249	343	5.1	8.13	0.15
mlo	2014.437945	20140609 2024	12	3.1	8.17	0.06
mlo	2014.479085	20140624 2047	137	10.5	8.21	0.16
mlo	2014.517409	20140708 2030	39	2.8	8.37	0.06
mlo	2014.555765	20140722 2030	348	3.2	7.99	0.11
mlo	2014.594214	20140805 2119	27	4.8	8.19	0.14
mlo	2014.65167	20140826 2038	5	2.9	8.21	0.06
mlo	2014.690093	20140909 2113	355	3.6	8.30	0.03
mlo	2014.728506	20140923 2143	118	6	8.30	0.12
mlo	2014.766853	20141007 2138	346	2.6	8.20	0.00
mlo	2014.805156	20141021 2110	11	2.7	8.22	0.08
mlo	2014.843356	20141104 1948	26	2.4	8.27	0.02
mlo	2014.901014	20141125 2053	317	2.5	8.06	0.08
mlo	2014.939424	20141209 2121	358	2.3	8.22	0.08
mlo	2014.97766	20141223 2018	359	0.3	8.23	0.24
mlo	2015.015928	20150106 1932	282	5.8	8.36	0.09
mlo	2015.111826	20150210 1936	229	16.3	8.10	0.29
mlo	2015.150251	20150224 2012	109	10	8.14	0.05
mlo	2015.188683	20150310 2052	259	7.9	8.31	0.10
mlo	2015.227159	20150324 2155	58	3.2	8.21	0.01
mlo	2015.284475	20150414 2000	318	2.5	8.09	0.04
mlo	2015.322766	20150428 1926	69	3.8	8.10	0.06
mlo	2015.361265	20150512 2041	50	2.5	8.26	0.08
mlo	2015.399699	20150526 2122	267	8	8.30	0.00
mlo	2015.438008	20150609 2057	14	2.3	8.14	0.07
mlo	2015.476383	20150623 2107	33	6.2	8.10	0.01
mlo	2015.533794	20150714 2002	66	5.4	8.17	0.11
mlo	2015.572251	20150728 2055	7	2.7	8.10	0.15
smo	2010.019385	20100108 0149	125	5.6	8.11	0.01
smo	2010.05999	20100122 2131	278	5.8	8.08	0.03
smo	2010.098259	20100205 2045	143	11.9	8.17	0.00
smo	2010.133853	20100218 2033	89	8.3	8.19	0.05
smo	2010.191533	20100311 2150	48	10.1	8.09	0.05
smo	2010.23242	20100326 2000	157	6.5	8.07	0.10
smo	2010.490925	20100629 0430	103	10.9	8.11	0.11
smo	2010.51781	20100709 0001	104	8.3	8.10	0.04
smo	2010.537036	20100716 0026	104	5.3	8.01	0.10
smo	2010.5918	20100805 0010	103	5.6	8.09	0.07
smo	2010.633149	20100820 0223	95	6.7	8.12	0.06
smo	2010.655101	20100828 0241	142	5.8	8.09	0.01
smo	2010.690987	20100910 0503	134	7.2	8.11	0.01
smo	2010.726398	20100923 0315	98	9.7	8.04	0.04
smo	2010.780723	20101012 2308	88	7.4	8.06	0.04
smo	2010.805936	20101022 0400	135	6.7	8.07	0.00
smo	2010.934285	20101208 0020	71	5.3	8.09	0.05
smo	2010.974163	20101222 1340	45	5.4	8.07	0.05
smo	2011.013499	20110105 2215	15	9.4	8.10	0.03
smo	2011.049581	20110119 0220	14	6	8.06	0.03
smo	2011.115221	20110212 0120	110	6	8.02	0.09
smo	2011.284766	20110414 2233	76	5.6	8.10	0.03
smo	2011.306575	20110422 2136	120	5.3	7.95	0.05
smo	2011.364403	20110514 0010	108	5.2	8.11	0.00
smo	2011.396899	20110525 2050	105	9.6	8.06	0.05
smo	2011.416172	20110601 2140	108	5	8.05	0.05
smo	2011.473659	20110622 2115	104	10.8	8.01	0.03
smo	2011.512272	20110706 2330	105	10.2	8.04	0.12
smo	2011.548128	20110720 0136	92	4.1	8.02	0.08
smo	2011.597203	20110806 2330	164	5.8	8.07	0.05
smo	2011.652237	20110827 0136	101	11.2	8.02	0.04
smo	2011.684912	20110907 2350	50	4.8	8.08	0.04
smo	2011.726121	20110923 0049	342	6.3	8.13	0.08
smo	2011.764384	20111007 0000	132	5.3	8.04	0.01
smo	2011.806012	20111022 0440	97	7.2	8.10	0.05
smo	2011.847127	20111106 0450	190	4.9	8.10	0.05
smo	2011.89598	20111124 0047	99	7.1	8.05	0.05
smo	2011.956031	20111215 2250	98	5.8	8.11	0.09
smo	2011.972966	20111222 0311	92	6.5	8.09	0.11
smo	2012.035441	20120113 2319	120	2.7	8.15	0.07
smo	2012.071406	20120127 0314	347	9.1	8.05	0.03
smo	2012.106616	20120209 0031	336	6.7	8.05	0.05
smo	2012.144832	20120223 0012	133	7.2	8.09	0.00
smo	2012.183396	20120308 0257	136	9.5	8.02	0.04
smo	2012.224042	20120322 2359	293	3.3	8.13	0.01
smo	2012.281406	20120412 2352	303	2.8	7.92	0.01
smo	2012.317092	20120426 0120	114	8.2	8.15	0.03
smo	2012.360506	20120511 2241	103	6.9	8.11	0.02
smo	2012.377258	20120518 0150	143	6.6	8.07	0.00
smo	2012.456132	20120615 2240	115	7	8.13	0.13
smo	2012.494763	20120630 0200	137	8.2	8.12	0.00
smo	2012.527493	20120712 0130	137	9.5	8.08	0.00
smo	2012.565745	20120726 0130	-99	-99	8.22	0.08
smo	2012.604072	20120809 0210	135	5.1	8.04	0.07
smo	2012.644866	20120824 0030	135	8.2	8.16	0.06
smo	2012.70208	20120913 2304	349	5	8.01	0.07
smo	2012.721431	20120921 0103	138	8	8.15	0.07
smo	2012.765173	20121007 0117	137	6	8.08	0.06
smo	2012.814359	20121025 0120	134	8.9	8.15	0.01
smo	2012.852763	20121108 0240	308	7.1	8.16	0.17
smo	2012.890686	20121121 2347	335	4	8.09	0.04
smo	2012.921283	20121203 0433	151	6.6	8.03	0.02
smo	2013.024564	20130109 2311	25	6.6	8.14	0.05
smo	2013.068735	20130126 0207	173	1.6	8.19	0.07
smo	2013.10106	20130206 2117	358	7.2	8.14	0.01
smo	2013.13989	20130221 0126	70	4.6	7.99	0.05
smo	2013.175556	20130306 0152	340	8.6	8.18	0.00
smo	2013.216545	20130321 0056	122	6.5	8.16	0.04
smo	2013.249189	20130401 2254	49	2.8	7.97	0.08
smo	2013.312302	20130424 2346	103	4.3	8.13	0.05
smo	2013.350649	20130508 2341	144	4.2	8.12	0.02
smo	2013.38887	20130522 2230	115	9.3	8.13	0.09
smo	2013.430133	20130606 2358	137	10	8.10	0.00
smo	2013.468725	20130621 0202	103	3.5	8.04	0.21
smo	2013.510059	20130706 0407	137	7.8	8.11	0.03
smo	2013.561855	20130725 0151	129	8	8.27	0.06
smo	2013.599901	20130807 2308	140	10.5	7.98	0.06
smo	2013.638666	20130822 0243	103	6.2	7.98	0.00
smo	2013.695765	20130911 2254	126	13.4	8.16	0.06
smo	2013.734129	20130925 2258	113	9.6	8.19	0.12
smo	2013.773019	20131010 0339	17	5.1	8.13	0.04
smo	2013.830217	20131031 0042	62	4.2	8.02	0.01
smo	2013.848733	20131106 1854	123	10.3	8.15	0.08
smo	2013.887405	20131120 2140	85	4.2	8.09	0.15
smo	2013.928716	20131205 2333	122	8.7	8.12	0.01
smo	2013.964694	20131219 0243	101	9.4	8.11	0.10
smo	2014.005478	20140102 2359	339	11.1	8.28	0.01
smo	2014.063099	20140124 0045	76	3.2	8.06	0.09
smo	2014.101318	20140206 2333	59	3.3	8.16	0.15
smo	2014.137407	20140220 0341	352	1.5	8.15	0.02
smo	2014.175685	20140306 0300	356	1.1	8.26	0.09
smo	2014.238116	20140328 2154	26	7.2	7.99	0.16
smo	2014.270993	20140409 2154	113	7.8	8.23	0.14
smo	2014.315411	20140426 0300	158	7.8	7.94	0.17
smo	2014.329022	20140501 0214	42	3.3	8.07	0.29
smo	2014.427833	20140606 0349	154	8.8	8.06	0.03
smo	2014.487768	20140628 0051	167	6.3	8.12	0.08
smo	2014.529287	20140713 0433	66	2.9	8.05	0.02
smo	2014.556079	20140722 2315	349	9.8	8.16	0.07
smo	2014.594186	20140805 2104	158	11.6	8.12	0.17
smo	2014.635019	20140820 1846	128	8.4	8.17	0.00
smo	2014.670837	20140902 2032	118	8.3	8.27	0.11
smo	2014.725476	20140922 1910	138	3.2	8.03	0.13
smo	2014.763927	20141006 2000	136	7.7	8.22	0.04
smo	2014.807776	20141022 2007	137	7.5	8.15	0.23
smo	2014.840668	20141103 2015	96	10.1	8.08	0.00
smo	2014.878986	20141117 1955	126	7.2	8.21	0.02
smo	2014.939439	20141209 2129	159	6.3	8.03	0.03
smo	2014.97499	20141222 2055	149	12.9	8.15	0.09
smo	2015.035464	20150113 2240	105	5.5	8.17	0.04
smo	2015.071317	20150127 0044	357	4.4	8.16	0.12
smo	2015.090204	20150202 2211	46	7.2	7.98	0.14
smo	2015.109798	20150210 0150	113	4.2	8.02	0.07
smo	2015.153345	20150225 2318	85	3.1	8.15	0.04
smo	2015.186376	20150310 0039	349	3.6	8.13	0.08
smo	2015.210873	20150318 2315	343	4	8.07	0.09
smo	2015.260107	20150405 2232	123	4.9	8.07	0.05
smo	2015.323116	20150428 2230	112	4	8.19	0.12
smo	2015.3586	20150511 2120	122	4.2	8.26	0.10
smo	2015.399616	20150526 2038	129	10.7	8.20	0.08
smo	2015.435253	20150608 2049	134	6	8.06	0.14
smo	2015.473706	20150622 2140	125	7.2	8.16	0.02
smo	2015.509446	20150705 2245	137	5	8.13	0.10
smo	2015.561876	20150725 0202	165	12.5	7.96	0.02
spo	2010.0195	20100108 0249	5	7	8.05	0.01
spo	2010.063314	20100124 0238	130	5	8.06	0.01
spo	2010.104243	20100208 0110	40	6.8	8.03	0.03
spo	2010.151351	20100225 0550	74	4.6	8.11	0.13
spo	2010.184675	20100309 0945	342	7.8	8.20	0.14
spo	2010.224854	20100324 0143	18	9.2	7.99	0.11
spo	2010.266045	20100408 0233	96	5	8.13	0.03
spo	2010.348906	20100508 0825	60	4.1	8.09	0.01
spo	2010.394292	20100524 2200	85	4.2	7.94	0.01
spo	2010.433162	20100608 0230	22	5.1	7.98	0.04
spo	2010.476984	20100624 0223	346	9.3	8.00	0.01
spo	2010.517702	20100708 2304	105	4.5	8.02	0.03
spo	2010.559212	20100724 0242	40	6.9	7.97	0.03
spo	2010.602667	20100808 2322	88	3	8.08	0.12
spo	2010.685417	20100908 0415	14	5.8	8.03	0.00
spo	2010.731427	20100924 2318	91	4.4	7.97	0.06
spo	2010.769646	20101008 2206	100	5.3	8.04	0.03
spo	2010.852565	20101108 0428	0	10.9	8.06	0.02
spo	2010.896132	20101124 0207	133	2.3	8.01	0.07
spo	2010.934589	20101208 0300	10	8.8	8.11	0.01
spo	2011.062869	20110123 2244	331	4	8.00	0.03
spo	2011.148191	20110224 0209	67	5.2	8.04	0.03
spo	2011.191442	20110311 2102	11	5.9	8.05	0.07
spo	2011.227139	20110324 2144	81	5.6	8.10	0.05
spo	2011.309682	20110424 0049	16	7.1	8.09	0.09
spo	2011.392091	20110524 0243	8	6.2	8.09	0.10
spo	2011.478094	20110624 1206	87	4.5	8.07	0.05
spo	2011.515622	20110708 0451	1	8	7.99	0.04
spo	2011.60321	20110809 0407	25	5	8.07	0.03
spo	2011.660403	20110830 0108	84	2.5	8.15	0.01
spo	2011.728938	20110924 0130	48	4.2	8.09	0.08
spo	2011.811476	20111024 0432	54	5.5	8.04	0.06
spo	2011.898174	20111124 2000	0	8.5	8.02	0.03
spo	2011.983832	20111226 0222	96	4.6	8.02	0.09
spo	2012.153201	20120226 0143	98	6.6	8.22	0.02
spo	2012.192061	20120311 0704	102	5.3	8.09	0.01
spo	2012.227125	20120324 0304	23	10	8.09	0.07
spo	2012.273626	20120410 0332	119	4.6	8.13	0.08
spo	2012.311889	20120424 0338	20	7.3	8.07	0.04
spo	2012.350167	20120508 0352	11	6.7	8.17	0.04
spo	2012.39918	20120526 0224	97	6.3	8.17	0.03
spo	2012.568186	20120726 2257	12	6.1	8.07	0.04
spo	2012.601846	20120808 0637	56	9.6	8.12	0.01
spo	2012.645044	20120824 0204	81	5.5	8.04	0.00
spo	2012.687272	20120908 1300	47	7.5	8.17	0.06
spo	2012.811551	20121024 0040	41	6.9	8.22	0.07
spo	2012.852892	20121108 0348	38	4.8	8.15	0.09
spo	2012.896444	20121124 0222	331	5.6	8.12	0.03
spo	2012.940134	20121210 0208	23	5.6	8.13	0.02
spo	2012.991693	20121228 2302	79	3.8	7.97	0.04
spo	2013.068215	20130125 2134	90	4.7	8.13	0.09
spo	2013.115234	20130212 0127	67	3.9	8.27	0.03
spo	2013.150666	20130224 2350	89	4	8.15	0.13
spo	2013.180921	20130308 0052	85	4.8	8.15	0.03
spo	2013.227711	20130325 0245	29	3.5	8.24	0.05
spo	2013.2659	20130408 0117	49	6.3	8.19	0.16
spo	2013.310032	20130424 0353	38	5.5	8.13	0.14
spo	2013.348347	20130508 0331	97	4.2	8.05	0.07
spo	2013.393236	20130524 1245	100	5.8	8.16	0.10
spo	2013.432966	20130608 0047	62	6	8.11	0.05
spo	2013.477043	20130624 0254	64	6.4	7.98	0.20
spo	2013.515318	20130708 0211	86	9	8.12	0.07
spo	2013.559351	20130724 0355	55	5.7	8.08	0.06
spo	2013.602365	20130808 2043	26	11.9	8.09	0.22
spo	2013.649191	20130825 2255	83	4.6	8.02	0.04
spo	2013.685146	20130908 0153	60	5.6	8.06	0.05
spo	2013.729268	20130924 0423	17	6.8	8.22	0.25
spo	2013.769821	20131008 2338	76	6	8.06	0.07
spo	2013.81122	20131024 0217	12	7.2	8.12	0.00
spo	2013.852222	20131108 0128	19	6.3	8.14	0.07
spo	2013.896261	20131124 0315	58	4.3	8.04	0.04
spo	2013.935493	20131208 1055	21	5.6	8.13	0.05
spo	2013.983467	20131225 2310	105	2.8	8.11	0.05
spo	2014.021632	20140108 2130	18	5.9	8.11	0.15
spo	2014.063248	20140124 0203	358	5.2	8.16	0.08
spo	2014.098976	20140206 0302	77	4.5	8.09	0.14
spo	2014.181395	20140308 0501	34	2.4	8.15	0.08
spo	2014.224846	20140324 0139	43	8.5	8.24	0.02
spo	2014.265936	20140408 0136	70	5.8	8.04	0.06
spo	2014.309844	20140424 0214	21	8.5	8.15	0.02
spo	2014.348434	20140508 0417	101	3.4	8.11	0.07
spo	2014.392119	20140524 0258	25	7.7	8.04	0.18
spo	2014.433115	20140608 0205	15	9.4	8.09	0.05
spo	2014.482544	20140626 0305	30	10.8	8.04	0.07
spo	2014.517641	20140708 2232	7	11.6	8.06	0.06
spo	2014.561651	20140725 0004	15	5.4	8.18	0.08
spo	2014.600213	20140808 0152	93	5.4	8.12	0.07
spo	2014.644047	20140824 0151	12	8.1	8.10	0.05
spo	2014.685192	20140908 0217	98	5.7	8.05	0.05
spo	2014.731436	20140924 2323	40	6.2	8.01	0.04
spo	2014.767641	20141008 0432	98	5.5	8.04	0.16
spo	2014.811193	20141024 0203	16	9.5	8.22	0.03
spo	2014.855013	20141109 0155	66	5.3	7.91	0.02
spo	2014.93485	20141208 0517	337	7.2	8.13	0.08
spo	2014.97851	20141224 0345	33	4.6	8.22	0.01
spo	2015.060734	20150123 0402	13	2.6	8.00	0.05
spo	2015.104576	20150208 0405	72	5.1	8.14	0.01
thd	2010.035862	20100114 0209	-99	1.3	8.06	0.00
thd	2010.066046	20100125 0234	-99	10.7	8.14	0.09
thd	2010.101535	20100207 0127	-99	0	8.21	0.15
thd	2010.142258	20100221 2211	-99	2.7	8.18	0.01
thd	2010.180953	20100308 0109	-99	4.5	8.07	0.10
thd	2010.215877	20100320 1905	-99	3.1	8.08	0.05
thd	2010.273718	20100410 2146	-99	11.2	8.12	0.05
thd	2010.314572	20100425 1939	-99	4	8.07	0.01
thd	2010.353227	20100509 2216	-99	5.4	8.15	0.20
thd	2010.391572	20100523 2210	-99	6.7	8.16	0.05
thd	2010.426444	20100605 1539	-99	0	8.08	0.05
thd	2010.46512	20100619 1827	-99	2.2	8.18	0.15
thd	2010.503733	20100703 2042	-99	8	8.24	0.03
thd	2010.563649	20100725 1734	-99	2.7	8.15	0.06
thd	2010.602365	20100808 2043	-99	3.1	8.07	0.01
thd	2010.676336	20100904 2042	-99	2.2	8.16	0.11
thd	2010.714585	20100918 1946	-99	2.2	8.04	0.10
thd	2010.775148	20101010 2218	-99	8.9	8.04	0.01
thd	2010.791233	20101016 1912	-99	5.9	8.18	0.02
thd	2010.865713	20101112 2339	-99	2.7	8.11	0.04
thd	2010.884779	20101119 2240	-99	2.2	8.13	0.10
thd	2010.942428	20101210 2340	-99	0	8.14	0.06
thd	2010.983111	20101225 2003	-99	5.8	8.03	0.11
thd	2011.043246	20110116 1850	-99	1.3	8.04	0.18
thd	2011.068813	20110126 0248	-99	1.3	8.10	0.06
thd	2011.100909	20110206 1958	-99	0	8.03	0.07
thd	2011.114909	20110211 2236	-99	1.3	8.05	0.14
thd	2011.1341	20110218 2243	-99	4	8.07	0.10
thd	2011.200124	20110315 0105	-99	2.7	8.08	0.06
thd	2011.232489	20110326 2036	-99	6.3	8.10	0.00
thd	2011.251197	20110402 1629	-99	7.2	8.10	0.00
thd	2011.276775	20110412 0033	-99	7.1	8.12	0.06
thd	2011.325881	20110429 2243	-99	9.8	8.12	0.05
thd	2011.369231	20110515 1828	-99	3.6	8.09	0.03
thd	2011.402844	20110528 0055	-99	2.2	8.05	0.01
thd	2011.44074	20110610 2053	-99	6.3	8.12	0.00
thd	2011.479465	20110625 0007	-99	7.6	8.12	0.00
thd	2011.523402	20110711 0100	-99	6.7	8.22	0.09
thd	2011.561233	20110724 2024	-99	4.5	8.03	0.07
thd	2011.599481	20110807 1927	-99	2.7	8.11	0.05
thd	2011.632793	20110819 2316	-99	2.7	8.15	0.02
thd	2011.709555	20110916 2342	-99	5.4	8.06	0.01
thd	2011.733982	20110925 2141	-99	4.5	8.03	0.04
thd	2011.767148	20111008 0013	-99	6.3	8.11	0.06
thd	2011.805289	20111021 2220	-99	6.3	8.12	0.03
thd	2011.843891	20111105 0029	-99	3.1	8.06	0.02
thd	2011.901092	20111125 2134	-99	2.2	8.02	0.08
thd	2011.92551	20111204 1928	-99	2.2	8.21	0.06
thd	2011.997133	20111230 2253	-99	5.8	8.13	0.04
thd	2012.018716	20120107 2024	-99	1.3	7.99	0.04
thd	2012.05721	20120121 2232	-99	4.5	8.08	0.08
thd	2012.119902	20120213 2113	-99	8.9	8.06	0.01
thd	2012.152658	20120225 2057	-99	7.6	8.05	0.08
thd	2012.187942	20120309 1853	-99	0	8.11	0.02
thd	2012.226744	20120323 2343	-99	9.8	8.27	0.07
thd	2012.250863	20120401 1935	-99	5.8	8.00	0.08
thd	2012.322224	20120427 2225	-99	6.3	8.22	0.01
thd	2012.343887	20120505 2042	-99	7.6	8.09	0.07
thd	2012.400757	20120526 1615	-99	2.2	8.08	0.06
thd	2012.442268	20120610 2053	-99	9.8	8.13	0.05
thd	2012.480533	20120624 2100	-99	3.1	8.20	0.03
thd	2012.532402	20120713 2037	-99	2.7	8.19	0.00
thd	2012.554273	20120721 2044	-99	4	8.19	0.00
thd	2012.63398	20120820 0053	-99	5.4	8.11	0.10
thd	2012.653005	20120827 0000	-99	5.4	8.10	0.07
thd	2012.683056	20120906 2358	-99	2.2	8.14	0.11
thd	2012.709688	20120916 1754	-99	2.2	8.33	0.01
thd	2012.786711	20121014 2228	-99	2.2	8.05	0.00
thd	2012.824985	20121028 2240	-99	0	8.11	0.03
thd	2012.843999	20121104 2141	-99	4.5	8.03	0.05
thd	2012.882252	20121118 2142	-99	5.4	8.07	0.03
thd	2012.920196	20121202 1900	-99	3.1	8.15	0.01
thd	2012.939902	20121210 0006	-99	3.6	8.08	0.07
thd	2013.073683	20130127 2128	-99	3.1	8.16	0.01
thd	2013.112224	20130210 2305	-99	6.3	8.13	0.06
thd	2013.128029	20130216 1732	-99	2.2	8.19	0.09
thd	2013.18278	20130308 1709	-99	0	8.19	0.06
thd	2013.241041	20130329 2331	-99	1.3	8.22	0.14
thd	2013.264863	20130407 1612	-99	1.3	8.05	0.10
thd	2013.281731	20130413 1958	-99	9.8	8.04	0.03
thd	2013.303716	20130421 2033	-99	5.8	8.18	0.09
thd	2013.342078	20130505 2036	-99	6.7	8.31	0.03
thd	2013.380166	20130519 1815	-99	8	8.14	0.02
thd	2013.41863	20130602 1912	-99	5.4	8.17	0.00
thd	2013.457129	20130616 2027	-99	2.2	8.00	0.00
thd	2013.51152	20130706 1655	-99	2.2	8.08	0.06
thd	2013.571762	20130728 1638	-99	-99	8.11	0.08
thd	2013.591058	20130804 1740	-99	2.2	8.14	0.16
thd	2013.648297	20130825 1505	-99	2.2	8.17	0.14
thd	2013.687378	20130908 2126	-99	3.1	8.12	0.00
thd	2013.725261	20130922 1717	-99	3.6	8.16	0.02
thd	2013.756408	20131004 0208	-99	3.1	8.23	0.16
thd	2013.821419	20131027 1938	-99	4	8.16	0.09
thd	2013.857479	20131109 2331	-99	1.3	8.10	0.03
thd	2013.898067	20131124 1904	-99	2.2	8.12	0.08
thd	2013.936872	20131208 2300	-99	4	8.21	0.02
thd	2013.991885	20131229 0055	-99	1.3	8.26	0.03
thd	2014.018575	20140107 1843	-99	1.3	8.14	0.01
thd	2014.038425	20140115 0036	-99	0	8.24	0.13
thd	2014.128341	20140216 2016	-99	4.5	8.16	0.11
thd	2014.145263	20140223 0030	-99	2.2	8.13	0.20
thd	2014.205403	20140316 2320	-99	2.7	8.13	0.03
thd	2014.241084	20140329 2354	-99	4	8.19	0.09
thd	2014.259678	20140405 1847	-99	1.3	8.19	0.17
thd	2014.301252	20140420 2258	-99	8.5	8.14	0.02
thd	2014.339574	20140504 2240	-99	1.3	8.11	0.05
thd	2014.372517	20140516 2315	-99	-99	8.10	0.05
thd	2014.419252	20140603 0039	-99	7.6	8.14	0.20
thd	2014.471035	20140621 2216	-99	6.3	8.13	0.06
thd	2014.506906	20140705 0030	-99	8	8.08	0.00
thd	2014.566566	20140726 1907	-99	1.8	8.22	0.07
thd	2014.621916	20140815 2359	-99	9.4	8.02	0.07
thd	2014.662981	20140830 2343	-99	10.7	8.13	0.09
thd	2014.698381	20140912 2149	-99	2.2	8.21	0.00
thd	2014.722797	20140921 1942	-99	-99	8.21	0.12
thd	2014.761436	20141005 2211	-99	1.3	8.12	0.03
thd	2014.813499	20141024 2215	-99	5.8	8.06	0.10
thd	2014.87101	20141114 2203	-99	0	8.12	0.03
thd	2014.911826	20141129 1936	-99	2.7	8.13	0.02
thd	2014.928805	20141206 0020	-99	5.8	8.14	0.13
thd	2014.969477	20141220 2037	-99	6.3	8.21	0.26
thd	2015.029517	20150111 1834	-99	0	8.13	0.05
thd	2015.084686	20150131 2151	67	3	8.34	0.13
thd	2015.123035	20150214 2147	-99	2.2	8.15	0.13
thd	2015.161025	20150228 1835	-99	4.5	8.24	0.02
thd	2015.202333	20150315 2026	-99	3.6	8.25	0.03
thd	2015.243731	20150330 2305	-99	1.8	8.14	0.07
thd	2015.271221	20150409 2354	-99	5.8	8.12	0.04
thd	2015.295476	20150418 2022	-99	2.2	8.17	0.04
thd	2015.352568	20150509 1630	-99	4	8.37	0.17
thd	2015.396619	20150525 1823	-99	2.2	8.32	0.04
thd	2015.432028	20150607 1634	-99	4	8.16	0.04
thd	2015.486792	20150627 1618	-99	4	8.17	0.04
thd	2015.500927	20150702 2007	-99	1.34	8.19	0.02
thd	2015.547409	20150719 1918	-99	8.9	8.15	0.25